{
 "cells": [
  {
   "cell_type": "code",
   "execution_count": 16,
   "metadata": {},
   "outputs": [
    {
     "name": "stdout",
     "output_type": "stream",
     "text": [
      "[0.14 0.14 0.42 0.7  0.28 0.14 0.42]\n",
      "Normalized vector: [0.14142136 0.14142136 0.42426407 0.70710678 0.28284271 0.14142136\n",
      " 0.42426407]\n",
      "Eigenvalues of A * A^T (Hub-related eigenvalues):\n",
      "[11.53955209  3.79217158  2.55619443  1.26011603  0.04468181  0.33922314\n",
      "  0.46806092]\n",
      "Eigenvectors of A * A^T (Hub-related eigenvectors):\n",
      "[[-0.06742001  0.34480338  0.29705113 -0.12067025 -0.18167899 -0.86051103\n",
      "   0.01667377]\n",
      " [-0.07381687  0.4682927   0.48793417 -0.58457958  0.00849743  0.44176071\n",
      "  -0.01467149]\n",
      " [-0.63675983  0.49445749 -0.02566486  0.55319131  0.16506381  0.12684506\n",
      "   0.00580206]\n",
      " [-0.34540488 -0.13354864 -0.27904953 -0.43575845  0.60889694 -0.18175297\n",
      "   0.43739745]\n",
      " [-0.07134493 -0.28550293  0.40076204  0.05700384  0.55792956 -0.10890736\n",
      "  -0.65298708]\n",
      " [-0.07811418 -0.38775414  0.65828901  0.27615159 -0.02609529  0.05590979\n",
      "   0.57457281]\n",
      " [-0.67382941 -0.40941902 -0.03462536 -0.26132398 -0.50690496  0.01605367\n",
      "  -0.22722346]]\n",
      "\n",
      "Eigenvalues of A^T * A (Authority-related eigenvalues):\n",
      "[11.53955209  3.79217158  2.55619443  1.26011603  0.04468181  0.33922314\n",
      "  0.46806092]\n",
      "Eigenvectors of A^T * A (Authority-related eigenvectors):\n",
      "[[-0.18744816 -0.25391302  0.01605247 -0.4927993  -0.78088391  0.21778643\n",
      "  -0.00848069]\n",
      " [-0.02173007 -0.24047692 -0.30518578  0.5207609  -0.04019963  0.75848038\n",
      "   0.02144485]\n",
      " [-0.22902521 -0.67145282 -0.4749284   0.13545826  0.03840344 -0.50118628\n",
      "  -0.01140735]\n",
      " [-0.87329723 -0.01875795  0.24995459 -0.13182163  0.35379458  0.17863902\n",
      "   0.00795928]\n",
      " [-0.30004027  0.27882389  0.19619269  0.62098179 -0.48250366 -0.28449716\n",
      "  -0.30720465]\n",
      " [-0.02299511  0.19911889 -0.41173678 -0.24600406  0.1234516   0.09599423\n",
      "  -0.83983482]\n",
      " [-0.24235812  0.55597409 -0.64074248 -0.0639896  -0.11793556 -0.06343077\n",
      "   0.44674097]]\n"
     ]
    }
   ],
   "source": [
    "import numpy as np\n",
    "from numpy.linalg import eig\n",
    "\n",
    "# Define the matrix A\n",
    "A = np.array([\n",
    "    [0, 0, 1, 0, 0, 0, 0],\n",
    "    [0, 1, 1, 0, 0, 0, 0],\n",
    "    [1, 0, 1, 2, 0, 0, 0],\n",
    "    [0, 0, 0, 1, 1, 0, 0],\n",
    "    [0, 0, 0, 0, 0, 0, 1],\n",
    "    [0, 0, 0, 0, 0, 1, 1],\n",
    "    [0, 0, 0, 2, 1, 0, 1]]\n",
    ")\n",
    "\n",
    "c = np.array([0.14, 0.14,0.14,0.14,0.14,0.14,0.14])\n",
    "\n",
    "b1 = np.dot(A.T, c)\n",
    "\n",
    "print(b1)\n",
    "\n",
    "# Compute the norm (magnitude) of the vector\n",
    "norm = np.linalg.norm(b1)\n",
    "\n",
    "# Normalize the vector\n",
    "normalized_vector = b1 / norm\n",
    "\n",
    "print(\"Normalized vector:\", normalized_vector)\n",
    "\n",
    "\n",
    "\n",
    "\n",
    "\n",
    "\n",
    "# Compute A * A^T\n",
    "AAT = np.dot(A, A.T)\n",
    "\n",
    "# Compute A^T * A\n",
    "ATA = np.dot(A.T, A)\n",
    "\n",
    "# Compute eigenvalues and eigenvectors for AAT (for hub scores)\n",
    "eigenvalues_h, eigenvectors_h = eig(AAT)\n",
    "print(\"Eigenvalues of A * A^T (Hub-related eigenvalues):\")\n",
    "print(eigenvalues_h)\n",
    "print(\"Eigenvectors of A * A^T (Hub-related eigenvectors):\")\n",
    "print(eigenvectors_h)\n",
    "\n",
    "# Compute eigenvalues and eigenvectors for ATA (for authority scores)\n",
    "eigenvalues_a, eigenvectors_a = eig(ATA)\n",
    "print(\"\\nEigenvalues of A^T * A (Authority-related eigenvalues):\")\n",
    "print(eigenvalues_a)\n",
    "print(\"Eigenvectors of A^T * A (Authority-related eigenvectors):\")\n",
    "print(eigenvectors_a)\n"
   ]
  },
  {
   "cell_type": "code",
   "execution_count": 17,
   "metadata": {},
   "outputs": [
    {
     "name": "stdout",
     "output_type": "stream",
     "text": [
      "Normalized vector: [0.0625 0.0625 0.1875 0.3125 0.125  0.0625 0.1875]\n",
      "Sum of normalized vector: 1.0\n"
     ]
    }
   ],
   "source": [
    "import numpy as np\n",
    "\n",
    "# Define the vector\n",
    "vector = np.array([0.14, 0.14, 0.42, 0.7, 0.28, 0.14, 0.42])\n",
    "\n",
    "# Compute the sum of all elements in the vector\n",
    "sum_vector = np.sum(vector)\n",
    "\n",
    "# Normalize the vector\n",
    "normalized_vector = vector / sum_vector\n",
    "\n",
    "print(\"Normalized vector:\", normalized_vector)\n",
    "print(\"Sum of normalized vector:\", np.sum(normalized_vector))"
   ]
  },
  {
   "cell_type": "code",
   "execution_count": 16,
   "metadata": {},
   "outputs": [
    {
     "name": "stdout",
     "output_type": "stream",
     "text": [
      "BLEU score: 0.6703\n"
     ]
    }
   ],
   "source": [
    "from nltk.translate.bleu_score import sentence_bleu, SmoothingFunction\n",
    "\n",
    "reference = [['The', 'cat', 'is', 'on', 'the', 'mat', '.']]\n",
    "candidate = ['cat', 'is', 'on', 'mat', '.']\n",
    "\n",
    "# Using smoothing to avoid zero scores for short sentences\n",
    "smoothing_function = SmoothingFunction().method1\n",
    "\n",
    "# Calculate BLEU score with unigram precision only\n",
    "bleu_score = sentence_bleu(reference, candidate, weights=(1, 0, 0, 0), smoothing_function=smoothing_function)\n",
    "print(f\"BLEU score: {bleu_score:.4f}\")\n"
   ]
  },
  {
   "cell_type": "code",
   "execution_count": 26,
   "metadata": {},
   "outputs": [
    {
     "name": "stdout",
     "output_type": "stream",
     "text": [
      "4.0\n",
      "4.0\n",
      "[[1 1]\n",
      " [1 1]\n",
      " [1 3]\n",
      " [2 2]\n",
      " [2 3]\n",
      " [3 3]\n",
      " [4 4]\n",
      " [5 6]]\n",
      "1.0\n",
      "3.0\n",
      "3.0\n",
      "21.0\n"
     ]
    },
    {
     "data": {
      "text/plain": [
       "np.float64(0.7857142857142857)"
      ]
     },
     "execution_count": 26,
     "metadata": {},
     "output_type": "execute_result"
    }
   ],
   "source": [
    "import numpy as np\n",
    "from scipy.special import comb\n",
    "\n",
    "#define Rand index function\n",
    "def rand_index(actual, pred):\n",
    "\n",
    "    tp_plus_fp = comb(np.bincount(actual), 2).sum()\n",
    "    print(tp_plus_fp)\n",
    "    tp_plus_fn = comb(np.bincount(pred), 2).sum()\n",
    "    print(tp_plus_fn)\n",
    "    A = np.c_[(actual, pred)]\n",
    "    print(A)\n",
    "    tp = sum(comb(np.bincount(A[A[:, 0] == i, 1]), 2).sum()\n",
    "             for i in set(actual))\n",
    "    print(tp)\n",
    "    fp = tp_plus_fp - tp\n",
    "    print(fp)\n",
    "    fn = tp_plus_fn - tp\n",
    "    print(fn)\n",
    "    tn = comb(len(A), 2) - tp - fp - fn\n",
    "    print(tn)\n",
    "    return (tp + tn) / (tp + fp + fn + tn)\n",
    "\n",
    "#calculate Rand index\n",
    "rand_index([1, 1, 1, 2, 2,3,4,5], [1, 1, 3, 2, 3,3,4,6])"
   ]
  }
 ],
 "metadata": {
  "kernelspec": {
   "display_name": "base",
   "language": "python",
   "name": "python3"
  },
  "language_info": {
   "codemirror_mode": {
    "name": "ipython",
    "version": 3
   },
   "file_extension": ".py",
   "mimetype": "text/x-python",
   "name": "python",
   "nbconvert_exporter": "python",
   "pygments_lexer": "ipython3",
   "version": "3.12.2"
  }
 },
 "nbformat": 4,
 "nbformat_minor": 2
}
